term	regr_adjusted_OR	regr_adjusted_SE	regr_adjusted_Z	regr_adjusted_p	regr_adjusted_95perc_CI_lower	regr_adjusted_95perc_CI_upper	regr_adjusted_padj	PGS	model	Dataset	regr_unadjusted_OR	regr_unadjusted_SE	regr_unadjusted_Z	regr_unadjusted_p	regr_unadjusted_95perc_CI_lower	regr_unadjusted_95perc_CI_upper	regr_unadjusted_padj	AUC	AUC_SE	AUC_Z	AUC_p	AUC_90perc_CI_lower	AUC_90perc_CI_upper	AUC_padj	r2l	r2l_SE	r2l_Z	r2l_p	r2l_90perc_CI_lower	r2l_90perc_CI_upper	r2l_padj
scale(PGS_CP_FinnGen_SBayesRC)	1.01895985444509	0.0447695360170129	0.419534311136871	0.674825684473385	0.933360414641858	1.11244036338826	1	PGS_CP_FinnGen_SBayesRC	univariate	Australian (full)	1.03424493430349	0.0442070569030821	0.761679939001832	0.446251051294207	0.948412459204522	1.12787206235329	1	0.507903035393481	0.0125859482204619	0.62792530646461	0.265026436044454	0.487200992814431	0.528605077972531	0.265026436044454	0.00020651671273354	8.79821223177079e-06	23.4725768478053	3.88790803235624e-122	1.41295126368617e-06	0.00075720552542211	4.99873889874374e-122
scale(PGS_EA_SBayesRC)	0.717025462056651	0.0445478854644054	-7.46710923787567	8.19757140052979e-14	0.656994964502113	0.782360024681549	5.73829998037085e-13	PGS_EA_SBayesRC	univariate	Australian (full)	0.714702251975558	0.0444417461523092	-7.55796706708561	4.09417666662477e-14	0.655029078773767	0.779698693911809	2.86592366663734e-13	0.592381045705886	0.0130185814120544	7.09609156189225	6.41672353247071e-13	0.570967384852506	0.613794706559267	2.88752558961182e-12	0.0103888514842107	9.16107011457471e-05	113.402161038836	0	0.00614347139908214	0.0156206044827141	0
scale(PGS_Birthweight_SBayesRC)	0.991964578791215	0.0450546262538076	-0.179068829758234	0.857883656632017	0.90808399332333	1.08352310289201	1	PGS_Birthweight_SBayesRC	univariate	Australian (full)	0.928970798815671	0.0442533148473911	-1.66491422932222	0.0959298689319633	0.851749485168998	1.01310104696073	0.671509082523743	0.52272550803761	0.0127404514255502	1.78372863555175	0.0372338853507743	0.501769330301295	0.543681685773925	0.0670209936313937	0.000189371462493192	8.46135892668125e-06	22.3807386182432	3.031595307487e-111	4.53153236512974e-07	0.000699536199289383	3.41054472092288e-111
scale(PGS_Stroke_SBayesRC)	1.12467845984405	0.0446668210559559	2.63052481806975	0.00852531446451512	1.03041499633591	1.22760250738695	0.0596772012516059	PGS_Stroke_SBayesRC	univariate	Australian (full)	1.12462867224875	0.0442112677954422	2.65662845505345	0.00789263755923494	1.03128981371406	1.22645239082435	0.0552484629146446	0.526944961620121	0.0128751780995903	2.09278360358979	0.0181842380673908	0.505767178225364	0.548122745014878	0.0409145356516294	0.00138898013821302	3.08909145147826e-05	44.9640342485924	0	0.000136959751338819	0.0033163803681482	0
scale(PGS_Gestdur_SBayesRC)	0.931390992222657	0.0450292439813237	-1.57844354956004	0.11446374706402	0.852707454290317	1.01734840080003	0.801246229448142	PGS_Gestdur_SBayesRC	univariate	Australian (full)	0.898505292968361	0.0441976746443358	-2.42145503678611	0.0154585132825894	0.82393812163746	0.979808061438146	0.108209592978125	0.530334663213644	0.0127816263385914	2.37330230207521	0.00881491405385243	0.509310758772273	0.551358567655015	0.0264447421615573	0.000712494402687729	2.11836640526114e-05	33.634143787316	2.65893751566944e-248	8.12322615723858e-06	0.0021406781869857	5.98260941025624e-248
scale(PGS_Epilepsy_SBayesRC)	1.04028793808293	0.0446092382957201	0.885411629606595	0.375934662321829	0.953190590941157	1.13536018815972	1	PGS_Epilepsy_SBayesRC	univariate	Australian (full)	1.06074524884383	0.044202357199936	1.33413079691348	0.182160994376708	0.972716315379009	1.15675082547733	1	0.515070530318938	0.0122371243014892	1.23154181878368	0.109060143016898	0.494942252028177	0.535198808609698	0.163590214525347	0.000312451032753541	1.2312006436143e-05	25.3777509274453	2.22021496302929e-142	2.03498257233189e-06	0.00111610503557556	3.99638693345272e-142
scale(PGS_Autism_SBayesRC)	0.998767967919127	0.0450292879725792	-0.0273775516302381	0.978158602740689	0.914397157386913	1.09095066413777	1	PGS_Autism_SBayesRC	univariate	Australian (full)	1.03717953400735	0.0442089517813104	0.82573870343435	0.408952332104097	0.951102440177512	1.13107874858366	1	0.509943678402277	0.0130533926592278	0.76176965344314	0.22309874764092	0.488472758142725	0.53141459866183	0.265026436044454	0.000193802725451624	9.25539595430907e-06	20.9394310528005	1.17119804406234e-97	1.0625182894717e-06	0.000742947779309427	1.17119804406234e-97
scale(PGS_Agewalking_SBayesRC)	0.985178938812572	0.0447056948966112	-0.334006452071413	0.738374689949671	0.902502567018673	1.07539532689725	1	PGS_Agewalking_SBayesRC	univariate	Australian (full)	1.02855205307536	0.0441981692223563	0.636950353300804	0.524157182531171	0.943192509739354	1.12162650162319	1	0.508060287907422	0.0125024627270871	0.644696015766451	0.259562099383228	0.487495566744947	0.528625009069897	0.265026436044454	0.000171306608755196	7.0874947530924e-06	24.1702625148967	2.28625684289466e-129	8.23881736522134e-07	0.000608880318445685	3.42938526434199e-129
scale(PGS_CP_FinnGen_SBayesRC)	1.01636484061659	0.0449255747977846	0.361317130948523	0.717862388873381	0.930707897523256	1.10994063966218	0.957149851831175	PGS_CP_FinnGen_SBayesRC	multivariate	Australian (full)	1.02664481778224	0.0443012154897244	0.593573481433817	0.552797422085515	0.941261186114038	1.11979180975127	0.573873616587661	NA	NA	NA	NA	NA	NA	NA	NA	NA	NA	NA	NA	NA	NA
scale(PGS_EA_SBayesRC)	0.71998443003844	0.0449758643645832	-7.30448868062604	2.78323097906339e-13	0.659162244182874	0.786258963572862	2.22658478325071e-12	PGS_EA_SBayesRC	multivariate	Australian (full)	0.718912059213714	0.0448567984306873	-7.35710639508178	1.87939553629167e-13	0.658355680911033	0.784936443643773	1.50351642903334e-12	NA	NA	NA	NA	NA	NA	NA	NA	NA	NA	NA	NA	NA	NA
scale(PGS_Birthweight_SBayesRC)	1.0217843105987	0.0454066819251526	0.47460907103265	0.635065639536433	0.934744549842399	1.11685816365869	0.957149851831175	PGS_Birthweight_SBayesRC	multivariate	Australian (full)	0.961441195898799	0.0445545155126481	-0.882556438617486	0.377475973431391	0.880990044716411	1.04912918530467	0.503301297908521	NA	NA	NA	NA	NA	NA	NA	NA	NA	NA	NA	NA	NA	NA
scale(PGS_Stroke_SBayesRC)	1.10735781838404	0.0447367400314116	2.27948737284915	0.0226381097410235	1.0144098299695	1.20886776676557	0.0905524389640939	PGS_Stroke_SBayesRC	multivariate	Australian (full)	1.10439038229889	0.0443184537166022	2.2404548033278	0.0250614118341154	1.01252083958545	1.20464903567468	0.0817509920023185	NA	NA	NA	NA	NA	NA	NA	NA	NA	NA	NA	NA	NA	NA
scale(PGS_Gestdur_SBayesRC)	0.936603211979102	0.0452535863858578	-1.44730082333926	0.147812688639693	0.85711455503683	1.02349017336703	0.394167169705849	PGS_Gestdur_SBayesRC	multivariate	Australian (full)	0.908387505709644	0.0444525361065833	-2.16150148975766	0.0306566220008694	0.832586880064413	0.991091873968122	0.0817509920023185	NA	NA	NA	NA	NA	NA	NA	NA	NA	NA	NA	NA	NA	NA
scale(PGS_Epilepsy_SBayesRC)	1.00853148738146	0.0449767752269081	0.188881925757825	0.850185359743666	0.923416847309256	1.10146700666272	0.971640411135618	PGS_Epilepsy_SBayesRC	multivariate	Australian (full)	1.02536023397219	0.0445340795343663	0.562355815740769	0.573873616587661	0.939639943410742	1.11888322353119	0.573873616587661	NA	NA	NA	NA	NA	NA	NA	NA	NA	NA	NA	NA	NA	NA
scale(PGS_Autism_SBayesRC)	1.0224908455166	0.0452281006369085	0.49176630328331	0.622884560303291	0.935760450364013	1.11729262421271	0.957149851831175	PGS_Autism_SBayesRC	multivariate	Australian (full)	1.05601854696461	0.0443404947446141	1.22925440632139	0.21897643597886	0.968129578677926	1.15193400030003	0.43795287195772	NA	NA	NA	NA	NA	NA	NA	NA	NA	NA	NA	NA	NA	NA
scale(PGS_Agewalking_SBayesRC)	0.999904718474342	0.0449430202905758	-0.00212015268700835	0.998308364171822	0.915586176013849	1.09198369208082	0.998308364171822	PGS_Agewalking_SBayesRC	multivariate	Australian (full)	1.04385272859821	0.0443162905440964	0.968456845594924	0.332816261295777	0.957004409560319	1.1385895842474	0.503301297908521	NA	NA	NA	NA	NA	NA	NA	NA	NA	NA	NA	NA	NA	NA
scale(PGS_CP_FinnGen_SBayesRC)	0.910392095881736	0.0920059294438248	-1.02036790719068	0.307554008383837	0.76019586026191	1.09034956401634	1	PGS_CP_FinnGen_SBayesRC	univariate	Australian (monogenic)	0.933785058097677	0.0907926640449306	-0.754565343736227	0.450509824445105	0.781571786149635	1.11568623948367	1	0.518809688275596	0.0265014498989099	0.709760724313043	0.238926264279189	0.475218682289901	0.562400694261291	0.268792047314088	0.00168831591837034	6.37132766545324e-05	26.4986515687266	5.02271411982841e-155	1.35238294221726e-05	0.00606322237922843	9.04088541569114e-155
scale(PGS_EA_SBayesRC)	0.735692355375967	0.0910781967248415	-3.3701067224475	0.000751390766267458	0.615289018523774	0.879299385596354	0.0052597353638722	PGS_EA_SBayesRC	univariate	Australian (monogenic)	0.740220607490227	0.090983655537515	-3.30616545581931	0.000945822197034146	0.619283061379708	0.8846671331636	0.00662075537923902	0.585526421474526	0.0259380195265293	3.29733815594711	0.000488029544352595	0.542862175980377	0.628190666968676	0.00219613294958668	0.00864696444748402	0.000155117675389935	55.7445463629293	0	0.00207530202136483	0.0172372125771801	0
scale(PGS_Birthweight_SBayesRC)	0.966650330429916	0.0925082052053979	-0.366653436832228	0.713877543114365	0.806257633279476	1.1586906025526	1	PGS_Birthweight_SBayesRC	univariate	Australian (monogenic)	0.889597335680786	0.0909565379078465	-1.28617857654142	0.198380745995816	0.744224846564619	1.06304398630798	1	0.537601906811993	0.025026157616483	1.50250419533951	0.0664834726385139	0.496437540687862	0.578766272936125	0.149236428522176	0.000834011048275001	3.61621906644951e-05	23.0630676114944	5.43823631406608e-118	4.46783992163226e-06	0.0030636863246266	6.11801585332434e-118
scale(PGS_Stroke_SBayesRC)	1.18476841661367	0.0916500557256795	1.84994242641637	0.0643218480992948	0.989942866840789	1.41791700670249	0.450252936695064	PGS_Stroke_SBayesRC	univariate	Australian (monogenic)	1.18694071204142	0.0908043418841642	1.88734550673949	0.0591138694329239	0.993430025285982	1.41817121235853	0.413797086030467	0.537520582163999	0.0270756910588031	1.38576637185405	0.0829091269567646	0.492985033523709	0.582056130804288	0.149236428522176	0.00354736187105887	0.000106714072405606	33.2417439527173	1.34336021773577e-242	7.5738044312193e-05	0.0100109392257934	4.03008065320732e-242
scale(PGS_Gestdur_SBayesRC)	0.851270855902455	0.0926731592402239	-1.73755726914631	0.0822888547031964	0.709951940907656	1.02096830134551	0.576021982922375	PGS_Gestdur_SBayesRC	univariate	Australian (monogenic)	0.813827851152383	0.0907209548967325	-2.27076997426887	0.0231609064959033	0.681286890167809	0.972243291093491	0.162126345471323	0.555653769849238	0.0273575542824645	2.03431086253609	0.020960131328742	0.510654597463205	0.600652942235272	0.0628803939862261	0.00348254090452405	0.000107281756657781	32.4616319961374	1.85602376776874e-231	4.55867988252152e-05	0.0100102975274906	4.17605347747967e-231
scale(PGS_Epilepsy_SBayesRC)	0.923615479980185	0.0908729935595603	-0.874401051938989	0.381899884725076	0.772860773581844	1.10361362386451	1	PGS_Epilepsy_SBayesRC	univariate	Australian (monogenic)	0.943355023791259	0.0908122237610836	-0.642122628914209	0.520793564209963	0.789539330527585	1.12712140537833	1	0.514110730034297	0.0255980609049291	0.551242146297877	0.290733845937618	0.4720056667119	0.556215793356694	0.290733845937618	0.00134590249990561	5.35207537264942e-05	25.1473009289732	7.56306703402012e-140	9.75646060205407e-06	0.00492332392417063	1.13446005510302e-139
scale(PGS_Autism_SBayesRC)	1.06194045299237	0.0923522310303075	0.650746061558064	0.51521042396362	0.886140292496161	1.27276815256268	1	PGS_Autism_SBayesRC	univariate	Australian (monogenic)	1.11535403932696	0.0908410485210176	1.2017901636921	0.229444837395836	0.933478600303383	1.33277425455773	1	0.527411024811046	0.0266029326209726	1.03037605671474	0.151416754195607	0.483653094601893	0.571168955020198	0.22712513129341	0.00101898744739916	4.61061546539574e-05	22.1008985686837	1.54919827037298e-108	5.26634480523536e-06	0.00390122388460422	1.54919827037298e-108
scale(PGS_Agewalking_SBayesRC)	1.03645050302445	0.0915972139097371	0.390862301036459	0.695899021081767	0.866060814861858	1.24022121154221	1	PGS_Agewalking_SBayesRC	univariate	Australian (monogenic)	1.09227804516202	0.0907819960079092	0.972279404570111	0.330911566945122	0.914206678337399	1.30498129837098	1	0.523152625280118	0.0265318182898804	0.872636207106428	0.191430699432236	0.479511667736391	0.566793582823845	0.246125184984304	0.000927305141878965	3.92944921394475e-05	23.5988580432129	1.97979136067681e-123	3.95529350116185e-06	0.00354144905972413	2.54544603515589e-123
scale(PGS_CP_FinnGen_SBayesRC)	0.908990958340486	0.0921740907691812	-1.03521641361479	0.300567855117442	0.758774564338017	1.08903230673605	0.480908568187908	PGS_CP_FinnGen_SBayesRC	multivariate	Australian (monogenic)	0.927783910598303	0.0908662671415814	-0.824909293927466	0.40942308946169	0.776396656799853	1.10862037361537	0.418775966277948	NA	NA	NA	NA	NA	NA	NA	NA	NA	NA	NA	NA	NA	NA
scale(PGS_EA_SBayesRC)	0.729269279178513	0.0922177872804054	-3.42355030303319	0.000618088110431803	0.608586742913735	0.873620198836981	0.00494470488345442	PGS_EA_SBayesRC	multivariate	Australian (monogenic)	0.735588663182338	0.0918675461423637	-3.34268423318529	0.000829722569323164	0.614367794903477	0.880696972944479	0.00663778055458531	NA	NA	NA	NA	NA	NA	NA	NA	NA	NA	NA	NA	NA	NA
scale(PGS_Birthweight_SBayesRC)	1.00005283162097	0.0931841564888988	0.00056694428986593	0.999547643928514	0.833010880388756	1.20033184937981	0.999547643928514	PGS_Birthweight_SBayesRC	multivariate	Australian (monogenic)	0.92864292995753	0.0915605478429304	-0.808546643391189	0.418775966277948	0.775933263348122	1.11097440316632	0.418775966277948	NA	NA	NA	NA	NA	NA	NA	NA	NA	NA	NA	NA	NA	NA
scale(PGS_Stroke_SBayesRC)	1.16529818464559	0.0915930357972807	1.67018164013555	0.0948834313843628	0.973823230027284	1.3945311532739	0.25424243545701	PGS_Stroke_SBayesRC	multivariate	Australian (monogenic)	1.16421629647696	0.0908437754404131	1.6737322180303	0.0941832389100341	0.974374716021552	1.39119566060951	0.251155303760091	NA	NA	NA	NA	NA	NA	NA	NA	NA	NA	NA	NA	NA	NA
scale(PGS_Gestdur_SBayesRC)	0.856427405173328	0.0929241672440976	-1.66787313719542	0.0953409132963788	0.713923098513166	1.02769601531675	0.25424243545701	PGS_Gestdur_SBayesRC	multivariate	Australian (monogenic)	0.823173677228882	0.0911613023945848	-2.13454685285953	0.0327980426537099	0.688536200141201	0.984289318765258	0.13119217061484	NA	NA	NA	NA	NA	NA	NA	NA	NA	NA	NA	NA	NA	NA
scale(PGS_Epilepsy_SBayesRC)	0.897943222937841	0.0915152567634703	-1.17628953480562	0.239479196271888	0.750399292148336	1.07426026999958	0.478958392543776	PGS_Epilepsy_SBayesRC	multivariate	Australian (monogenic)	0.914691506470246	0.091330963892596	-0.976321919238973	0.328904961092811	0.764744698265526	1.0939677593413	0.418775966277948	NA	NA	NA	NA	NA	NA	NA	NA	NA	NA	NA	NA	NA	NA
scale(PGS_Autism_SBayesRC)	1.08805870811253	0.0926939847477047	0.910470154778016	0.362574614440575	0.907297401885688	1.30492073346822	0.4834328192541	PGS_Autism_SBayesRC	multivariate	Australian (monogenic)	1.13235050057957	0.0910799845182595	1.36468579787701	0.172351825269013	0.947275885805307	1.35375998721097	0.344703650538026	NA	NA	NA	NA	NA	NA	NA	NA	NA	NA	NA	NA	NA	NA
scale(PGS_Agewalking_SBayesRC)	1.05132293646585	0.0921044724565125	0.543397180051796	0.586856366868944	0.877668830075777	1.25935725269217	0.670692990707364	PGS_Agewalking_SBayesRC	multivariate	Australian (monogenic)	1.10660268181116	0.0909781335119681	1.11339583521948	0.265538462903925	0.925852656964491	1.32262467376965	0.418775966277948	NA	NA	NA	NA	NA	NA	NA	NA	NA	NA	NA	NA	NA	NA
scale(PGS_CP_FinnGen_SBayesRC)	1.05425342476145	0.0513183440033558	1.02951221817614	0.303239041313994	0.953395024463979	1.16585068888105	1	PGS_CP_FinnGen_SBayesRC	univariate	Australian (non-monogenic)	1.0679388918349	0.0508105078352411	1.29364031808363	0.195789689168325	0.966716336389297	1.1798085472284	1	0.516222067861994	0.0143835941537737	1.12781740701003	0.12969852020864	0.492563160849561	0.539880974874426	0.166755240268251	0.000484882125905378	1.7291935687873e-05	28.0409396991588	2.57590158892493e-173	3.64124233232718e-06	0.00163306422849469	4.63662286006488e-173
scale(PGS_EA_SBayesRC)	0.703951794836008	0.0509904011200293	-6.88453886813824	5.79750237356952e-12	0.636914566803585	0.777848704784192	4.05825166149867e-11	PGS_EA_SBayesRC	univariate	Australian (non-monogenic)	0.700367388449743	0.0510463362680482	-6.97699907603063	3.01551690701338e-12	0.633634934912485	0.774008665895435	2.11086183490936e-11	0.597252587773429	0.0151610225492685	6.4146456782443	7.05753800646766e-11	0.572314924844972	0.622190250701887	3.17589210291045e-10	0.0115476349997611	0.000110494401943566	104.508778695041	0	0.00629278443678143	0.0178535246728448	0
scale(PGS_Birthweight_SBayesRC)	0.998604431882437	0.0516390041897377	-0.0270443408353542	0.978424368078917	0.902442972064588	1.10493002274031	1	PGS_Birthweight_SBayesRC	univariate	Australian (non-monogenic)	0.939557670030346	0.0508415823717448	-1.22628123195727	0.220092861538262	0.850390964438344	1.03796582109638	1	0.518923957603309	0.0149001332769445	1.27005290835828	0.102032892209676	0.494415419340667	0.543432495865952	0.153049338314514	0.000242250111275124	1.13228433598375e-05	21.3948125551567	7.46643376643382e-102	9.47573813928765e-07	0.000995963515289608	7.46643376643382e-102
scale(PGS_Stroke_SBayesRC)	1.10242065580479	0.0511908246087404	1.90480147507593	0.0568058820814802	0.997190823506561	1.21879526129528	0.397641174570361	PGS_Stroke_SBayesRC	univariate	Australian (non-monogenic)	1.10344654941519	0.0508025664142546	1.93766801891188	0.0526637381121681	0.998866187396638	1.21900784760911	0.368646166785177	0.522614317875948	0.0146772511702998	1.5407733787175	0.06168597533613	0.498472388054803	0.546756247697094	0.111034755605034	0.00112203400564313	3.24427818909274e-05	34.5850121427752	2.12244487253247e-262	1.98337805568171e-05	0.00318808634991795	6.3673346175974e-262
scale(PGS_Gestdur_SBayesRC)	0.952478057649518	0.0515841302720977	-0.943860225581741	0.34524107959715	0.860898038127156	1.05383725195284	1	PGS_Gestdur_SBayesRC	univariate	Australian (non-monogenic)	0.923120694980299	0.050787138875857	-1.5751091911548	0.115231242883404	0.835647602815385	1.01975313657137	0.806618700183826	0.523345282468882	0.014491203307847	1.61099682151586	0.0535902076121134	0.499509374149078	0.547181190788685	0.111034755605034	0.000501351005594062	1.9298416242413e-05	25.9788678664844	4.29174250563117e-149	3.95847808089649e-06	0.00161824552053385	6.43761375844675e-149
scale(PGS_Epilepsy_SBayesRC)	1.08800258691907	0.0511841479640768	1.64784468373079	0.0993845470159235	0.984159487200609	1.20283480933681	0.695691829111465	PGS_Epilepsy_SBayesRC	univariate	Australian (non-monogenic)	1.10618853826175	0.0507980466549182	1.98669759584836	0.0469559184107174	1.00135290936248	1.2220176206331	0.328691428875022	0.525903162386271	0.0139800644587518	1.8528643027862	0.0319509053857546	0.502908002656278	0.548898322116265	0.0958527161572639	0.00082510244220914	2.43053784067222e-05	33.9473193299858	6.68034339279784e-253	1.53843525338516e-05	0.00247969709067044	1.50307726337951e-252
scale(PGS_Autism_SBayesRC)	0.983520642157502	0.0515848553679139	-0.322122700307175	0.747359741723162	0.888949435286585	1.08818203411029	1	PGS_Autism_SBayesRC	univariate	Australian (non-monogenic)	1.01610949678113	0.0508002622643487	0.314587269027668	0.753075046587053	0.919814763318978	1.12252073705667	1	0.504824515160724	0.0150941172226316	0.319628838809495	0.374624855049583	0.479996901701448	0.52965212862	0.42145296193078	0.000287456875876101	1.27236579767937e-05	22.5923139713741	2.57871762674195e-113	1.54737364968724e-06	0.00109463899923771	2.9010573300847e-113
scale(PGS_Agewalking_SBayesRC)	0.973371164394757	0.0511808774768993	-0.527341596020199	0.597956393394605	0.880441172891022	1.07606265408275	1	PGS_Agewalking_SBayesRC	univariate	Australian (non-monogenic)	1.01140364609868	0.0507944557185352	0.223235282246969	0.823352393448366	0.915538893401829	1.11727960164046	1	0.496515917364906	0.0142163736725589	-0.245075341668855	0.596800952345946	0.4731320635675	0.519899771162311	0.596800952345946	0.000238812775748232	9.98464964148049e-06	23.9179925508956	9.9523925534573e-127	7.64211857463143e-07	0.000882916855876302	1.27959332830165e-126
scale(PGS_CP_FinnGen_SBayesRC)	1.05031790054245	0.0514810239630613	0.953611194733528	0.340280487004335	0.949539174088481	1.16187769946657	0.628175159156449	PGS_CP_FinnGen_SBayesRC	multivariate	Australian (non-monogenic)	1.05975524187236	0.0509217342937265	1.13974864313923	0.254391035313762	0.959107429870877	1.17101188363121	0.407025656502019	NA	NA	NA	NA	NA	NA	NA	NA	NA	NA	NA	NA	NA	NA
scale(PGS_EA_SBayesRC)	0.709080379370281	0.0514652972061316	-6.67996509263597	2.38999171350484e-11	0.640970119130644	0.784260294291905	1.91199337080387e-10	PGS_EA_SBayesRC	multivariate	Australian (non-monogenic)	0.707176376526968	0.0515066265290052	-6.72680770995074	1.73425677816636e-11	0.639225980279501	0.782248544281458	1.38740542253309e-10	NA	NA	NA	NA	NA	NA	NA	NA	NA	NA	NA	NA	NA	NA
scale(PGS_Birthweight_SBayesRC)	1.02958863742785	0.052022847757107	0.560510287053013	0.575131424938875	0.929736996197694	1.14006420443735	0.7668418999185	PGS_Birthweight_SBayesRC	multivariate	Australian (non-monogenic)	0.971354793510614	0.0511567238247552	-0.568126444408741	0.569949112623216	0.878623427243417	1.07373268819356	0.598692838925302	NA	NA	NA	NA	NA	NA	NA	NA	NA	NA	NA	NA	NA	NA
scale(PGS_Stroke_SBayesRC)	1.08645217635692	0.051271869694019	1.61721240130288	0.1058324403242	0.98259349972041	1.20133862740388	0.423329761296801	PGS_Stroke_SBayesRC	multivariate	Australian (non-monogenic)	1.08381189343011	0.0509454234987341	1.57981526869337	0.114149177892534	0.98083853219355	1.19765511755543	0.400937470720086	NA	NA	NA	NA	NA	NA	NA	NA	NA	NA	NA	NA	NA	NA
scale(PGS_Gestdur_SBayesRC)	0.956645501106167	0.0518454333410176	-0.854894646729245	0.392609474472781	0.864231029448588	1.05900291590465	0.628175159156449	PGS_Gestdur_SBayesRC	multivariate	Australian (non-monogenic)	0.932866748559995	0.0510855238141464	-1.36032487392542	0.173727140386501	0.843994305912053	1.03112519168017	0.400937470720086	NA	NA	NA	NA	NA	NA	NA	NA	NA	NA	NA	NA	NA	NA
scale(PGS_Epilepsy_SBayesRC)	1.05432088205123	0.0515988937796027	1.02515465129618	0.305290221944447	0.952893808997485	1.16652114037734	0.628175159156449	PGS_Epilepsy_SBayesRC	multivariate	Australian (non-monogenic)	1.06771891513797	0.0511823419263918	1.28021726553893	0.200468735360043	0.965796292800665	1.18038209947339	0.400937470720086	NA	NA	NA	NA	NA	NA	NA	NA	NA	NA	NA	NA	NA	NA
scale(PGS_Autism_SBayesRC)	1.00787271486369	0.0517834869117682	0.151436050499564	0.879631753186389	0.910605519136948	1.11556237062202	0.879631753186389	PGS_Autism_SBayesRC	multivariate	Australian (non-monogenic)	1.03585845477337	0.0509229709015284	0.691839207584997	0.489038311412524	0.937480113665699	1.14461196263678	0.598692838925302	NA	NA	NA	NA	NA	NA	NA	NA	NA	NA	NA	NA	NA	NA
scale(PGS_Agewalking_SBayesRC)	0.988034610283699	0.0513898862720516	-0.234239693245973	0.814798901292626	0.893353378722196	1.09273948899996	0.879631753186389	PGS_Agewalking_SBayesRC	multivariate	Australian (non-monogenic)	1.02714573363479	0.0508926080439683	0.526281206290677	0.598692838925302	0.929625948057684	1.13488860382862	0.598692838925302	NA	NA	NA	NA	NA	NA	NA	NA	NA	NA	NA	NA	NA	NA
scale(PGS_CP_FinnGen_SBayesRC)	1.07853065164182	0.0689742367613557	1.09605572480203	0.273054388809725	0.942423675906606	1.23532653248691	1	PGS_CP_FinnGen_SBayesRC	univariate	Australian (youngest 525 controls)	1.04117346656731	0.0617899048386241	0.652993565970746	0.513760426437934	0.922452406026591	1.17553448879726	1	0.508604081632653	0.0178389707739716	0.482319397327957	0.31478953491785	0.479261585854004	0.537946577411302	0.354138226782582	0.000766364039479191	2.72123106371207e-05	28.1624022927984	8.44653722640455e-175	6.297825442797e-06	0.00262731567004508	1.52037670075282e-174
scale(PGS_EA_SBayesRC)	0.721073757691238	0.0720929596174903	-4.53600253767892	5.73304903642442e-06	0.625193708415962	0.829584940378443	4.01313432549709e-05	PGS_EA_SBayesRC	univariate	Australian (youngest 525 controls)	0.693789916035164	0.0647293228569755	-5.64792064575105	1.62400103289304e-08	0.610258787011298	0.786685402550402	1.13680072302513e-07	0.59571156462585	0.0174233326520575	5.49329835670375	1.97247742799358e-08	0.567052732719532	0.624370396532169	8.87614842597111e-08	0.0092282953590563	0.000124784064021909	73.9541177103838	0	0.00365769779986666	0.0164481668858039	0
scale(PGS_Birthweight_SBayesRC)	0.908109144184936	0.0700242413307279	-1.37653336795929	0.16865656399719	0.791237538675623	1.04142775017605	1	PGS_Birthweight_SBayesRC	univariate	Australian (youngest 525 controls)	0.838848568081378	0.0624515966259357	-2.81378041976592	0.00489626606658548	0.741655030373856	0.947579122502301	0.0342738624660984	0.554886167800454	0.0177186725925374	3.09764557778272	0.000975322814757935	0.525741544921853	0.584030790679054	0.0029259684442738	0.00129459041666245	4.35317768719824e-05	29.7389748291131	1.20402675923133e-194	1.02113466219203e-05	0.00410503098752606	2.7090602082705e-194
scale(PGS_Stroke_SBayesRC)	1.2187598365039	0.0704537181933928	2.80799678637068	0.00498507242717335	1.06219005846627	1.4003843697007	0.0348955069902134	PGS_Stroke_SBayesRC	univariate	Australian (youngest 525 controls)	1.16937101525699	0.0623255325933018	2.51046407381497	0.0120572590207167	1.03539090135834	1.32222430476881	0.0844008131450166	0.539831292517007	0.0177631431576066	2.2423561057633	0.0124691831507772	0.510613522068159	0.569049062965854	0.0280556620892486	0.00363628840232062	7.39299229488322e-05	49.1856106063757	0	0.000537098503781538	0.00784268643097723	0
scale(PGS_Gestdur_SBayesRC)	0.97017108588838	0.0692954101692204	-0.437010846156659	0.662103482173096	0.846753787224517	1.11131088327067	1	PGS_Gestdur_SBayesRC	univariate	Australian (youngest 525 controls)	0.944929258884046	0.0618214315162854	-0.916271448668369	0.359524539132718	0.836844989383609	1.06655180916487	1	0.517683446712018	0.0178282298411317	0.991878995817098	0.160628278179983	0.488358618195708	0.547008275228328	0.240942417269974	0.00050337319790451	2.3443795489052e-05	21.4714890402273	1.43826387485534e-102	1.43703157253969e-06	0.00191419567947805	1.61804685921225e-102
scale(PGS_Epilepsy_SBayesRC)	1.02482068590248	0.0698920722035335	0.350793100426891	0.725743573755101	0.893480275606312	1.17537621759132	1	PGS_Epilepsy_SBayesRC	univariate	Australian (youngest 525 controls)	1.0574706644348	0.0618181658995712	0.903939647079011	0.366027404633306	0.936885502877711	1.19403232740304	1	0.513131972789116	0.0178416679354623	0.736028315100199	0.230856733089659	0.483785040574607	0.542478905003625	0.296815799686705	0.000453757720346999	2.14174589766992e-05	21.1863471217877	6.38113529660493e-100	2.33997732134381e-06	0.00172275907689377	6.38113529660493e-100
scale(PGS_Autism_SBayesRC)	1.07262962086565	0.0692434444863757	1.01256116955601	0.311269815127041	0.936489572480615	1.22885182324793	1	PGS_Autism_SBayesRC	univariate	Australian (youngest 525 controls)	1.06237623731123	0.0618333378663445	0.978568108873616	0.327793423200326	0.941222943979088	1.19964257900566	1	0.520489795918367	0.0178390235895222	1.14859402565071	0.1253617108545	0.491147213265869	0.549832378570866	0.2256510795381	0.00080340988198238	3.14184382607441e-05	25.5712863674132	1.59197919012018e-144	3.86348637601564e-06	0.00280097700113508	2.38796878518027e-144
scale(PGS_Agewalking_SBayesRC)	1.00802846178668	0.0694946922125622	0.115064976841378	0.908393619905914	0.879565561873239	1.1552689110647	1	PGS_Agewalking_SBayesRC	univariate	Australian (youngest 525 controls)	1.01463302867806	0.0617553589278997	0.235234630180144	0.814026629004052	0.898915781324647	1.14536144937124	1	0.5049179138322	0.0178383095552758	0.275693939325379	0.391391575508772	0.475576505661521	0.534259322002878	0.391391575508772	0.000402883436954411	1.76265889360006e-05	22.8565741458667	6.28582779827329e-116	1.17191645637379e-06	0.00149993961533489	8.08177859777994e-116
scale(PGS_CP_FinnGen_SBayesRC)	1.06552264243743	0.0703038832242388	0.902729976609937	0.366669222782516	0.928627399951971	1.223592818407	0.642870671074432	PGS_CP_FinnGen_SBayesRC	multivariate	Australian (youngest 525 controls)	1.02681478269256	0.0633713387630022	0.417563638145239	0.676266186952181	0.906885977271922	1.16288822098723	0.772875642231064	NA	NA	NA	NA	NA	NA	NA	NA	NA	NA	NA	NA	NA	NA
scale(PGS_EA_SBayesRC)	0.722426371685568	0.0741716188160096	-4.38361434036746	1.16726338981329e-05	0.623829108494741	0.834552599893433	9.3381071185063e-05	PGS_EA_SBayesRC	multivariate	Australian (youngest 525 controls)	0.698547766394665	0.0666170901065913	-5.38528053093976	7.23317446681888e-08	0.612189037426312	0.795041193928215	5.78653957345511e-07	NA	NA	NA	NA	NA	NA	NA	NA	NA	NA	NA	NA	NA	NA
scale(PGS_Birthweight_SBayesRC)	0.941852422012359	0.0714517702686606	-0.838421231329853	0.40179416942152	0.818433548523465	1.08328112644843	0.642870671074432	PGS_Birthweight_SBayesRC	multivariate	Australian (youngest 525 controls)	0.870636626722734	0.064160680525434	-2.15911955651593	0.0308408928090917	0.767266489436803	0.986896175603593	0.123363571236367	NA	NA	NA	NA	NA	NA	NA	NA	NA	NA	NA	NA	NA	NA
scale(PGS_Stroke_SBayesRC)	1.19226135846907	0.0715706797018445	2.45703695706546	0.0140088274385168	1.03679067317354	1.37292540157319	0.0560353097540671	PGS_Stroke_SBayesRC	multivariate	Australian (youngest 525 controls)	1.13304802939237	0.0637588461431651	1.95912222455481	0.0500984746409119	1.00026238573914	1.28459073924603	0.133595932375765	NA	NA	NA	NA	NA	NA	NA	NA	NA	NA	NA	NA	NA	NA
scale(PGS_Gestdur_SBayesRC)	0.982354607865482	0.0707366309730352	-0.251679048896183	0.801289152380718	0.855007883380429	1.12851469255658	0.801289152380718	PGS_Gestdur_SBayesRC	multivariate	Australian (youngest 525 controls)	0.966558492295455	0.0635948032786065	-0.534846570880817	0.592755956630741	0.853113641587281	1.09487673782947	0.772875642231064	NA	NA	NA	NA	NA	NA	NA	NA	NA	NA	NA	NA	NA	NA
scale(PGS_Epilepsy_SBayesRC)	0.978201777303128	0.071962110042438	-0.306262753464678	0.759404595918376	0.849254073968865	1.12632059805567	0.801289152380718	PGS_Epilepsy_SBayesRC	multivariate	Australian (youngest 525 controls)	1.00192078880386	0.0639362946707018	0.0300134134724434	0.976056355586356	0.883865526642024	1.13586112381149	0.976056355586356	NA	NA	NA	NA	NA	NA	NA	NA	NA	NA	NA	NA	NA	NA
scale(PGS_Autism_SBayesRC)	1.10004237811678	0.0706772013310282	1.34907300837178	0.177313516969719	0.957807498371915	1.26390685362084	0.472836045252584	PGS_Autism_SBayesRC	multivariate	Australian (youngest 525 controls)	1.09026313650786	0.0633775411406909	1.36355994870224	0.172706104694045	0.963074428320303	1.23494867114933	0.34541220938809	NA	NA	NA	NA	NA	NA	NA	NA	NA	NA	NA	NA	NA	NA
scale(PGS_Agewalking_SBayesRC)	1.04807331817067	0.0715092531172999	0.656607942209355	0.511433040750075	0.911016262791868	1.20607179722371	0.681910721000101	PGS_Agewalking_SBayesRC	multivariate	Australian (youngest 525 controls)	1.05328843048353	0.0637683448823007	0.814151736729167	0.415558030294995	0.92958665556682	1.19383260090121	0.664892848471992	NA	NA	NA	NA	NA	NA	NA	NA	NA	NA	NA	NA	NA	NA
scale(all_PGS)	NA	NA	NA	NA	NA	NA	NA	all_PGS	multivariate	Australian (full)	NA	NA	NA	NA	NA	NA	NA	0.602718835304823	0.0128851031879347	7.97190630192282	7.81226261223016e-16	0.581524726592504	0.623912944017141	7.03103635100715e-15	0.0129524537752657	9.56109524838223e-05	135.470397886239	0	0.00817796633877677	0.0181923365720947	0
scale(all_PGS)	NA	NA	NA	NA	NA	NA	NA	all_PGS	multivariate	Australian (monogenic)	NA	NA	NA	NA	NA	NA	NA	0.619546027742749	0.0257880585875302	4.6357125852256	1.77854968332652e-06	0.577128446043013	0.661963609442485	1.60069471499386e-05	0.0219712131967119	0.000250398719389799	87.7449103983197	0	0.0106506707650864	0.0364321352506483	0
scale(all_PGS)	NA	NA	NA	NA	NA	NA	NA	all_PGS	multivariate	Australian (non-monogenic)	NA	NA	NA	NA	NA	NA	NA	0.60597696587054	0.014878233353519	7.12295360292048	5.28191947569267e-13	0.581504449776374	0.630449481964706	4.7537275281234e-12	0.0144896182994138	0.000117607772936025	123.202896693705	0	0.00888948819082036	0.0208745610694634	0
scale(all_PGS)	NA	NA	NA	NA	NA	NA	NA	all_PGS	multivariate	Australian (youngest 525 controls)	NA	NA	NA	NA	NA	NA	NA	0.615379591836735	0.0172310759904893	6.69601781690353	1.07087810998332e-11	0.587036993997502	0.643722189675967	9.63790298984991e-11	0.0161053922582512	0.000148484980769678	108.464790006155	0	0.00900004297695196	0.0243488621919832	0
scale(PGS_CP_FinnGen_SBayesRC)	0.972373098490365	0.0558148333551425	-0.501940081233143	0.615709669999548	0.87161087934349	1.08478519763532	1	PGS_CP_FinnGen_SBayesRC	univariate	MyCode (unmatched)	0.973076548704906	0.0557896455749889	-0.489204165700115	0.624697160632973	0.872265149938245	1.08552959937632	1	0.510948266295507	0.0164060170870482	0.667332371861945	0.252279926547969	0.483962769586048	0.537933763004967	0.331034565308497	0.000370451812666339	1.5803113824933e-05	23.4416974255964	8.03274048672674e-122	1.60363029026124e-06	0.00139472212231408	9.03683304756759e-122
scale(PGS_EA_SBayesRC)	0.891099559999474	0.0561066008048803	-2.05500095321921	0.0398789126429976	0.798190752091898	0.994540212749216	0.279152388500983	PGS_EA_SBayesRC	univariate	MyCode (unmatched)	0.894135505517768	0.056015566382825	-1.9976222745345	0.0457576264987214	0.801057962909674	0.997754727089068	0.32030338549105	0.532210254973285	0.0165109480631212	1.95084224419734	0.0255379074277673	0.505052162167253	0.559368347779318	0.0459682333699811	0.0015436316141883	4.0017021552082e-05	38.5743754611839	0	6.29242868179607e-05	0.00395352890180323	0
scale(PGS_Birthweight_SBayesRC)	1.11381903610315	0.0560464703497246	1.92330904135526	0.0544412497858654	0.997928380543145	1.24312167617651	0.381088748501058	PGS_Birthweight_SBayesRC	univariate	MyCode (unmatched)	1.10785753404968	0.0557717121390827	1.83655829724351	0.066275128486838	0.993123781355883	1.23580429043606	0.463925899407866	0.532332535126316	0.0163883274546105	1.97290023743207	0.0242534647894043	0.505376135272931	0.5592889349797	0.0459682333699811	0.00139008130826422	3.92813869306921e-05	35.3877858415964	1.31589874465089e-274	3.07180303663329e-05	0.00378646090400551	2.96077217546451e-274
scale(PGS_Stroke_SBayesRC)	1.11272866721739	0.0558232483555468	1.91345471017639	0.0556898661795835	0.997346691984275	1.24130950016018	0.389829063257085	PGS_Stroke_SBayesRC	univariate	MyCode (unmatched)	1.11858892121123	0.0556956533421972	2.01214982634053	0.0442041456319121	1.00284609123523	1.24753033604924	0.309429019423385	0.534339544385683	0.0157515372330241	2.18007575245977	0.0146259234011862	0.508430571237882	0.560248517533484	0.0459682333699811	0.0013860349496018	3.93053079416459e-05	35.2633021387227	1.0728541241375e-272	4.68361200527479e-05	0.00379840540869079	1.9311374234475e-272
scale(PGS_Gestdur_SBayesRC)	0.949781576381347	0.0558984072645258	-0.921730026722841	0.356669414196375	0.851300118001101	1.059849067469	1	PGS_Gestdur_SBayesRC	univariate	MyCode (unmatched)	0.948336852640182	0.0557201248797338	-0.951999123603302	0.341097426347923	0.850288848087872	1.05788667956044	1	0.510676262432375	0.0163957375017507	0.651160853925273	0.257471328573276	0.483707674136076	0.537644850728674	0.331034565308497	0.000570665182187624	2.19573332765833e-05	25.9897308566254	3.23493492124236e-149	4.37525321681431e-06	0.00201324238160139	4.85240238186354e-149
scale(PGS_Epilepsy_SBayesRC)	0.960528053299426	0.0561296772464546	-0.71748301791009	0.473076111201786	0.860475490941221	1.07224689190813	1	PGS_Epilepsy_SBayesRC	univariate	MyCode (unmatched)	0.965606862988091	0.0557765624298203	-0.627476850738415	0.530346705883094	0.86561586508762	1.07719824245119	1	0.49483643065	0.0155442780552796	-0.332184571817193	0.630125053571722	0.469268368512431	0.520404492787568	0.630125053571722	0.000440659422143749	1.77402776467004e-05	24.8394884747314	1.67949201700004e-136	2.94769902593832e-06	0.00154089417337657	2.15934687900005e-136
scale(PGS_Autism_SBayesRC)	1.13336576946875	0.055983307416698	2.23623377111525	0.025336462144452	1.01558592048627	1.26480519052141	0.177355235011164	PGS_Autism_SBayesRC	univariate	MyCode (unmatched)	1.13774307218948	0.0557889810263886	2.31311876426659	0.0207161103140222	1.01989417182826	1.26920371221932	0.145012772198155	0.534469311323161	0.0166174219863978	2.07428753698235	0.0190263072935801	0.507136084498252	0.561802538148071	0.0459682333699811	0.00181060015605328	4.76095503363501e-05	38.0301881295207	9.15097915035465e-317	9.43562064015982e-05	0.0046573220906742	2.7452937451064e-316
scale(PGS_Agewalking_SBayesRC)	1.0124220438027	0.0562262011117418	0.219568866741207	0.826206940440505	0.906773624780689	1.1303672404236	1	PGS_Agewalking_SBayesRC	univariate	MyCode (unmatched)	1.0200660687815	0.0557879338227986	0.356123576413203	0.721748021723536	0.914393376786142	1.13794794071861	1	0.507684902732655	0.0156720697125707	0.490356594476519	0.311940792905087	0.481906642024097	0.533463163441213	0.350933392018223	0.000273927511347999	1.26627636665589e-05	21.6325218223424	4.43970311781392e-104	9.72475894861404e-07	0.00106234524802296	4.43970311781392e-104
scale(PGS_CP_FinnGen_SBayesRC)	0.968578120242981	0.0558031982238013	-0.572120224962667	0.567240528106302	0.868229173601623	1.08052726749466	0.648274889264345	PGS_CP_FinnGen_SBayesRC	multivariate	MyCode (unmatched)	0.968632950585665	0.0557933069556774	-0.571207059688087	0.567859293289346	0.868291539392456	1.0805623827717	0.648982049473538	NA	NA	NA	NA	NA	NA	NA	NA	NA	NA	NA	NA	NA	NA
scale(PGS_EA_SBayesRC)	0.877825310056468	0.056905773207856	-2.28988486205312	0.0220279919974291	0.785081320007185	0.981276409432503	0.0679939555670985	PGS_EA_SBayesRC	multivariate	MyCode (unmatched)	0.88146488479084	0.056762939295936	-2.22275511535472	0.0262323171949983	0.788561850518385	0.985073532803245	0.0826200840936623	NA	NA	NA	NA	NA	NA	NA	NA	NA	NA	NA	NA	NA	NA
scale(PGS_Birthweight_SBayesRC)	1.13449721265612	0.0564915631110188	2.23377724731806	0.0254977333376619	1.01556891614205	1.26730624139307	0.0679939555670985	PGS_Birthweight_SBayesRC	multivariate	MyCode (unmatched)	1.12894513861906	0.0562202106402268	2.15729698819147	0.0309825315351234	1.01113823255801	1.26043513307884	0.0826200840936623	NA	NA	NA	NA	NA	NA	NA	NA	NA	NA	NA	NA	NA	NA
scale(PGS_Stroke_SBayesRC)	1.11036926731435	0.0560973468386031	1.86626710810659	0.06200400421473	0.994697926713548	1.23934491313209	0.12400800842946	PGS_Stroke_SBayesRC	multivariate	MyCode (unmatched)	1.11610749729799	0.0559631846492074	1.96284724953655	0.0496639257066736	1.00009655200429	1.24541640022157	0.0993278514133471	NA	NA	NA	NA	NA	NA	NA	NA	NA	NA	NA	NA	NA	NA
scale(PGS_Gestdur_SBayesRC)	0.942880360856922	0.0561521900513051	-1.04743688752136	0.294898126181468	0.844694212386702	1.05267235123311	0.471837001890348	PGS_Gestdur_SBayesRC	multivariate	MyCode (unmatched)	0.941817757790635	0.0560007015247809	-1.0704059870198	0.284436605578645	0.84399537145775	1.05117628654564	0.455098568925833	NA	NA	NA	NA	NA	NA	NA	NA	NA	NA	NA	NA	NA	NA
scale(PGS_Epilepsy_SBayesRC)	0.94909202495663	0.0564369829243483	-0.925802761179143	0.35454849198143	0.84971841171131	1.06011799080484	0.472731322641907	PGS_Epilepsy_SBayesRC	multivariate	MyCode (unmatched)	0.954952004353292	0.0560549756779344	-0.822303398200768	0.410904243167162	0.855613549350108	1.06587566995603	0.547872324222882	NA	NA	NA	NA	NA	NA	NA	NA	NA	NA	NA	NA	NA	NA
scale(PGS_Autism_SBayesRC)	1.14171545702719	0.0561622864035371	2.35980275558695	0.0182846540835078	1.02271855983083	1.2745821333591	0.0679939555670985	PGS_Autism_SBayesRC	multivariate	MyCode (unmatched)	1.14607813237465	0.0559903436086543	2.43516623614417	0.0148849495961343	1.02697020187429	1.27901885284564	0.0826200840936623	NA	NA	NA	NA	NA	NA	NA	NA	NA	NA	NA	NA	NA	NA
scale(PGS_Agewalking_SBayesRC)	1.0163738858767	0.056415727006313	0.28788567007186	0.773434256404321	0.909978829220663	1.13520594392194	0.773434256404321	PGS_Agewalking_SBayesRC	multivariate	MyCode (unmatched)	1.02436977204087	0.0560095828254488	0.429882990168132	0.667280759466489	0.917873646211514	1.14323270729231	0.667280759466489	NA	NA	NA	NA	NA	NA	NA	NA	NA	NA	NA	NA	NA	NA
scale(all_PGS)	NA	NA	NA	NA	NA	NA	NA	all_PGS	multivariate	MyCode (unmatched)	NA	NA	NA	NA	NA	NA	NA	0.570905718360442	0.0161255642152234	4.39709999687966	5.48534050564458e-06	0.544381525574393	0.597429911146491	4.93680645508012e-05	0.00803076139987246	9.26283586466873e-05	86.6987337053464	0	0.00372385674012412	0.0133008132557174	0
scale(PGS_CP_FinnGen_SBayesRC)	0.959197519	0.058826087	-0.708159664	0.478846111	0.854637852	1.076360095	1	PGS_CP_FinnGen_SBayesRC	univariate	MyCode (matched)	0.959840186	0.058492737	-0.700744799	0.483462293	0.855768512	1.076373471	1	0.514478608	0.017213387	0.841124857	0.200138996	0.486165105	0.542792111	0.257321566	0.000499328	2.15487827092632e-05	23.17196373	4.36640049968986e-119	1.78153626402447e-06	0.00180808	4.91220056215109e-119
scale(PGS_EA_SBayesRC)	0.945395881	0.058834332	-0.954400534	0.339880936	0.842137762	1.060645519	1	PGS_EA_SBayesRC	univariate	MyCode (matched)	0.944002725	0.05866019	-0.982373668	0.325915794	0.841203782	1.058739865	1	0.483404383	0.017338293	-0.957165617	0.830758166	0.454885429	0.511923336	0.830758166	0.000602395	2.34935061171259e-05	25.64093207	2.66844529953899e-145	5.39510726557542e-06	0.002095636	4.00266794930848e-145
scale(PGS_Birthweight_SBayesRC)	1.1077301	0.058982613	1.734629277	0.08280649	0.986909598	1.24371327	0.579645433	PGS_Birthweight_SBayesRC	univariate	MyCode (matched)	1.101107808	0.058561733	1.644704931	0.100030675	0.981809878	1.235242454	0.700214728	0.529767852	0.017105816	1.740218213	0.040910354	0.501631289	0.557904416	0.092048297	0.001295667	3.60976708627105e-05	35.89338187	1.93730700385387e-282	3.85981228027353e-05	0.003448539	5.81192101156161e-282
scale(PGS_Stroke_SBayesRC)	1.103290186	0.058995741	1.666167633	0.095680031	0.98279005	1.238575288	0.669760215	PGS_Stroke_SBayesRC	univariate	MyCode (matched)	1.104390316	0.058369655	1.701113924	0.088921597	0.984960698	1.238264074	0.622451178	0.531957197	0.01647926	1.939237347	0.026236222	0.504851226	0.559063168	0.078708666	0.001174245	3.43743309193458e-05	34.16051456	4.66712023094042e-256	2.11029982993436e-05	0.00330255	1.05010205196159e-255
scale(PGS_Gestdur_SBayesRC)	0.932761375	0.058559534	-1.188634329	0.234583593	0.831634435	1.046298026	1	PGS_Gestdur_SBayesRC	univariate	MyCode (matched)	0.930468037	0.058351267	-1.235064075	0.216806658	0.829941324	1.04331099	1	0.51665011	0.017047382	0.976696006	0.164359836	0.488609662	0.544690558	0.257321566	0.000774906	2.70755194934618e-05	28.62017064	1.88507117490467e-180	6.4342838223869e-06	0.00261569	3.39312811482841e-180
scale(PGS_Epilepsy_SBayesRC)	0.947610374	0.0586442	-0.917598985	0.358828849	0.844750735	1.063147204	1	PGS_Epilepsy_SBayesRC	univariate	MyCode (matched)	0.942996643	0.058357022	-1.005749673	0.314536002	0.841132946	1.057397514	1	0.486196038	0.016495053	-0.836854665	0.798662867	0.45906409	0.513327986	0.830758166	0.000588261	2.34104964323987e-05	25.12807639	1.22717460307123e-139	2.91718426116191e-06	0.002150534	1.57779591823444e-139
scale(PGS_Autism_SBayesRC)	1.143917577	0.058845878	2.284932201	0.022316804	1.019469179	1.284053832	0.156217625	PGS_Autism_SBayesRC	univariate	MyCode (matched)	1.147981268	0.058609307	2.354659839	0.018539668	1.023531707	1.287970094	0.129777679	0.536743374	0.017216833	2.134154111	0.016415084	0.508424205	0.565062544	0.073867877	0.001931406	4.76589496922987e-05	40.52555815	0	0.000105888	0.004954234	0
scale(PGS_Agewalking_SBayesRC)	1.037596792	0.059510207	0.620183727	0.535136834	0.923436633	1.166118805	1	PGS_Agewalking_SBayesRC	univariate	MyCode (matched)	1.051361432	0.058523652	0.855823668	0.392095322	0.937517	1.179321349	1	0.515201478	0.016578748	0.916925568	0.179590822	0.487931864	0.542471091	0.257321566	0.00045101	2.00061358077949e-05	22.54358948	7.76056173822392e-113	1.54284126663777e-06	0.001819773	7.76056173822392e-113
scale(PGS_CP_FinnGen_SBayesRC)	0.954232725	0.059079008	-0.792966782	0.427797177	0.849779389	1.071306661	0.488911059	PGS_CP_FinnGen_SBayesRC	multivariate	MyCode (matched)	0.95437922	0.058726069	-0.795118449	0.426544604	0.850495388	1.070723929	0.426544604	NA	NA	NA	NA	NA	NA	NA	NA	NA	NA	NA	NA	NA	NA
scale(PGS_EA_SBayesRC)	0.93047735	0.059993657	-1.201086073	0.229717815	0.82698632	1.046312178	0.354806671	PGS_EA_SBayesRC	multivariate	MyCode (matched)	0.928296839	0.059767094	-1.244894514	0.213170528	0.82542762	1.043407889	0.30651511	NA	NA	NA	NA	NA	NA	NA	NA	NA	NA	NA	NA	NA	NA
scale(PGS_Birthweight_SBayesRC)	1.124569369	0.059438505	1.97515363	0.048250716	1.001044931	1.263787825	0.193002865	PGS_Birthweight_SBayesRC	multivariate	MyCode (matched)	1.119836473	0.059115047	1.914616916	0.055541376	0.997459661	1.257660858	0.222165505	NA	NA	NA	NA	NA	NA	NA	NA	NA	NA	NA	NA	NA	NA
scale(PGS_Stroke_SBayesRC)	1.102214194	0.059699332	1.630186754	0.103062033	0.980452755	1.239045667	0.274832087	PGS_Stroke_SBayesRC	multivariate	MyCode (matched)	1.103958611	0.059018219	1.675795361	0.093778283	0.983299001	1.239326539	0.250075422	NA	NA	NA	NA	NA	NA	NA	NA	NA	NA	NA	NA	NA	NA
scale(PGS_Gestdur_SBayesRC)	0.925806561	0.059108857	-1.30420326	0.192164289	0.824505059	1.039569946	0.354806671	PGS_Gestdur_SBayesRC	multivariate	MyCode (matched)	0.92388494	0.058938037	-1.343236789	0.179195313	0.823081152	1.037074061	0.30651511	NA	NA	NA	NA	NA	NA	NA	NA	NA	NA	NA	NA	NA	NA
scale(PGS_Epilepsy_SBayesRC)	0.936233267	0.059250043	-1.112077098	0.266105003	0.833568485	1.051571789	0.354806671	PGS_Epilepsy_SBayesRC	multivariate	MyCode (matched)	0.931635154	0.058979641	-1.200651713	0.229886332	0.829932754	1.045869438	0.30651511	NA	NA	NA	NA	NA	NA	NA	NA	NA	NA	NA	NA	NA	NA
scale(PGS_Autism_SBayesRC)	1.152017977	0.059339191	2.384851655	0.01708601	1.025712196	1.294420581	0.136688077	PGS_Autism_SBayesRC	multivariate	MyCode (matched)	1.154828201	0.059057841	2.437467841	0.01479053	1.028745461	1.296811847	0.118324238	NA	NA	NA	NA	NA	NA	NA	NA	NA	NA	NA	NA	NA	NA
scale(PGS_Agewalking_SBayesRC)	1.040778104	0.060354285	0.662233187	0.507821789	0.92474049	1.171638475	0.507821789	PGS_Agewalking_SBayesRC	multivariate	MyCode (matched)	1.05505894	0.059395403	0.90237005	0.366860325	0.939218916	1.185511039	0.419268943	NA	NA	NA	NA	NA	NA	NA	NA	NA	NA	NA	NA	NA	NA
scale(all_PGS)	NA	NA	NA	NA	NA	NA	NA	all_PGS	multivariate	MyCode (matched)	NA	NA	NA	NA	NA	NA	NA	0.567037344	0.016917132	3.962689595	3.70550554406407e-05	0.539211138	0.594863551	0.000333495	0.007793006	9.47890182568076e-05	82.21422338	0	0.003478063	0.013228344	0
